camera_matrix:
- - 3083.9350535717144
  - 0.0
  - 1968.6165611086947
- - 0.0
  - 3101.2913596569297
  - 1551.4855353346231
- - 0.0
  - 0.0
  - 1.0
dist_coeff:
- - 0.09645304244905625
  - -0.9214981021574604
  - -0.0014748902593996283
  - -0.0031409622558012597
  - 2.9080648189658422
