camera_matrix:
- - 538.4724543686839
  - 0.0
  - 510.73704081873154
- - 0.0
  - 537.821572600066
  - 268.8598562554897
- - 0.0
  - 0.0
  - 1.0
dist_coeff:
- - -0.03969844248312572
  - -0.06163255633772269
  - 0.008548677457096102
  - 0.004866719174989346
  - 0.3453978919093089
