camera_matrix:
- - 546.1365183313085 ->fx
  - 0.0
  - 512.5157485745352 ->cx
- - 0.0
  - 544.4041677137612 ->fy
  - 243.27216487582874 ->cy
- - 0.0
  - 0.0
  - 1.0
dist_coeff:
- - -0.00042658675207075237
  - 0.04370462740188109
  - -0.0022382114135953263
  - 0.0010985449526997293
  - -0.10976220905337081
