camera_matrix:
- - 665.4293190208236
  - 0.0
  - 351.2342075036139
- - 0.0
  - 663.7276855551358
  - 254.44837360797348
- - 0.0
  - 0.0
  - 1.0
dist_coeff:
- - -0.361076321973093
  - 10.230646717075555
  - 0.009653140529335396
  - 0.00499697010701013
  - -75.1719541962811
